 &plot nbnd=  80, nks=    49 /
            0.000000  0.000000  0.000000
  -77.748  -77.735  -77.735  -41.114  -41.048  -41.035  -41.035  -41.035  -41.034  -40.971
  -40.971  -40.956   -4.928   -4.829   -4.829   -4.814   -4.814   -4.767   -4.747   -4.747
   -4.710   -4.710   -4.668   -4.668   -4.656   -4.656   -4.613    5.373    9.909   11.496
   12.680   12.680   13.347   13.699   14.087   14.124   14.124   14.678   14.678   15.111
   15.111   16.200   16.200   16.233   16.274   16.274   17.138   17.229   17.974   17.974
   19.487   20.195   21.721   21.721   22.453   23.188   23.188   23.322   25.265   25.265
   25.595   26.185   26.185   27.755   27.755   28.856   31.995   31.995   32.211   34.408
   34.502   34.502   35.149   35.390   35.390   36.469   36.837   36.837   37.393   37.645
            0.027775  0.048108  0.000000
  -77.748  -77.735  -77.735  -41.113  -41.048  -41.035  -41.035  -41.035  -41.034  -40.971
  -40.971  -40.956   -4.928   -4.831   -4.830   -4.815   -4.815   -4.768   -4.746   -4.746
   -4.708   -4.708   -4.668   -4.668   -4.657   -4.656   -4.613    5.390    9.899   11.356
   12.636   12.766   13.351   13.696   14.088   14.166   14.167   14.679   14.682   15.103
   15.117   16.202   16.209   16.228   16.272   16.288   17.138   17.268   17.985   17.995
   19.505   20.187   21.648   21.715   22.401   22.746   23.175   23.756   25.292   25.383
   25.663   26.228   26.263   27.585   27.707   28.721   32.071   32.173   32.404   34.199
   34.287   34.315   34.978   35.228   35.342   36.356   36.819   37.032   37.169   37.760
            0.055550  0.096215  0.000000
  -77.748  -77.735  -77.735  -41.112  -41.048  -41.035  -41.035  -41.034  -41.034  -40.973
  -40.971  -40.957   -4.927   -4.837   -4.833   -4.816   -4.815   -4.771   -4.745   -4.743
   -4.703   -4.702   -4.666   -4.666   -4.659   -4.656   -4.614    5.442    9.865   11.034
   12.526   12.933   13.364   13.702   14.090   14.260   14.289   14.679   14.693   15.076
   15.133   16.207   16.211   16.233   16.266   16.330   17.140   17.372   18.023   18.062
   19.561   20.162   21.449   21.669   22.248   22.307   23.146   24.222   25.343   25.702
   25.841   26.366   26.486   27.147   27.579   28.467   32.278   32.396   33.055   33.551
   33.711   33.902   34.859   34.898   35.211   36.016   36.505   37.112   37.167   38.184
            0.083325  0.144323  0.000000
  -77.747  -77.736  -77.735  -41.109  -41.047  -41.035  -41.035  -41.034  -41.032  -40.975
  -40.972  -40.958   -4.926   -4.846   -4.837   -4.818   -4.816   -4.775   -4.743   -4.739
   -4.696   -4.695   -4.664   -4.663   -4.662   -4.656   -4.614    5.528    9.801   10.643
   12.399   13.084   13.385   13.731   14.092   14.353   14.456   14.681   14.718   15.034
   15.161   16.184   16.208   16.257   16.262   16.404   17.148   17.500   18.117   18.195
   19.666   20.112   21.169   21.529   21.762   22.285   23.131   24.633   25.395   25.836
   26.140   26.617   26.830   26.830   27.413   28.225   32.299   32.482   33.031   33.100
   33.282   33.895   34.575   34.830   35.023   35.455   36.283   37.021   37.234   38.138
            0.111100  0.192431  0.000000
  -77.747  -77.736  -77.735  -41.106  -41.047  -41.036  -41.036  -41.034  -41.029  -40.979
  -40.973  -40.959   -4.925   -4.857   -4.841   -4.819   -4.817   -4.778   -4.741   -4.733
   -4.689   -4.689   -4.667   -4.660   -4.657   -4.656   -4.615    5.647    9.698   10.231
   12.299   13.202   13.414   13.783   14.093   14.415   14.621   14.683   14.767   14.979
   15.198   16.148   16.197   16.243   16.291   16.509   17.166   17.595   18.294   18.419
   19.836   20.035   20.845   21.294   21.310   22.365   23.155   24.971   25.278   25.452
   26.570   26.995   27.037   27.266   27.315   28.055   31.517   31.943   32.538   33.117
   33.429   33.994   34.272   34.805   34.828   35.568   36.100   36.922   37.305   38.038
            0.138875  0.240539  0.000000
  -77.746  -77.737  -77.735  -41.101  -41.046  -41.037  -41.036  -41.034  -41.026  -40.983
  -40.974  -40.961   -4.924   -4.869   -4.844   -4.821   -4.817   -4.781   -4.740   -4.728
   -4.684   -4.683   -4.672   -4.656   -4.654   -4.652   -4.617    5.801    9.553    9.823
   12.256   13.293   13.450   13.852   14.091   14.434   14.684   14.748   14.844   14.915
   15.245   16.104   16.166   16.226   16.319   16.648   17.193   17.638   18.528   18.752
   19.928   20.091   20.502   20.847   21.073   22.509   23.234   24.552   25.241   25.516
   26.675   27.239   27.490   27.589   27.771   28.130   30.644   31.141   31.751   33.237
   33.463   33.974   33.978   34.575   34.881   35.906   36.514   36.870   37.381   37.772
            0.166650  0.288646  0.000000
  -77.746  -77.737  -77.735  -41.096  -41.046  -41.038  -41.037  -41.034  -41.023  -40.987
  -40.975  -40.962   -4.923   -4.881   -4.846   -4.821   -4.817   -4.784   -4.740   -4.722
   -4.680   -4.679   -4.677   -4.656   -4.646   -4.646   -4.618    5.988    9.369    9.428
   12.280   13.367   13.494   13.929   14.083   14.418   14.686   14.822   14.848   14.945
   15.301   16.053   16.113   16.206   16.345   16.821   17.229   17.651   18.764   19.183
   19.796   20.145   20.424   20.444   20.862   22.688   23.372   23.847   25.466   25.583
   26.534   27.175   28.078   28.118   28.322   28.463   29.896   30.389   30.969   32.387
   33.681   33.687   34.345   34.561   35.090   35.714   36.869   37.232   37.246   37.269
            0.194425  0.336754  0.000000
  -77.745  -77.738  -77.735  -41.091  -41.045  -41.040  -41.037  -41.034  -41.019  -40.991
  -40.976  -40.964   -4.922   -4.891   -4.846   -4.822   -4.817   -4.788   -4.742   -4.716
   -4.682   -4.677   -4.677   -4.656   -4.640   -4.638   -4.619    6.206    9.055    9.160
   12.369   13.429   13.542   14.003   14.066   14.382   14.686   14.785   14.849   15.059
   15.364   15.998   16.044   16.183   16.370   17.027   17.280   17.650   18.974   19.646
   19.654   19.785   20.025   20.734   20.849   22.883   23.245   23.565   25.645   25.671
   26.373   27.030   28.334   28.495   28.730   28.858   29.804   29.909   30.260   31.522
   33.399   33.705   34.123   35.189   35.511   35.529   36.409   36.602   36.868   37.187
            0.222200  0.384862  0.000000
  -77.744  -77.739  -77.735  -41.085  -41.044  -41.043  -41.038  -41.034  -41.015  -40.995
  -40.977  -40.966   -4.922   -4.900   -4.844   -4.821   -4.816   -4.792   -4.746   -4.711
   -4.685   -4.675   -4.675   -4.655   -4.636   -4.632   -4.619    6.456    8.706    8.938
   12.516   13.479   13.596   14.038   14.045   14.352   14.681   14.731   14.839   15.180
   15.433   15.939   15.966   16.158   16.394   17.266   17.351   17.645   19.150   19.422
   19.488   19.653   19.966   20.868   21.188   22.873   23.070   23.803   25.681   25.873
   26.251   26.893   27.666   28.235   28.988   29.428   30.021   30.148   30.309   30.746
   33.131   33.591   33.913   35.301   35.620   35.869   35.872   36.043   36.717   36.888
            0.249975  0.432969  0.000000
  -77.744  -77.739  -77.735  -41.079  -41.047  -41.043  -41.039  -41.034  -41.011  -40.998
  -40.978  -40.969   -4.923   -4.906   -4.840   -4.820   -4.814   -4.797   -4.750   -4.707
   -4.688   -4.674   -4.673   -4.654   -4.632   -4.628   -4.617    6.733    8.386    8.719
   12.708   13.518   13.654   13.998   14.011   14.367   14.670   14.690   14.807   15.304
   15.506   15.879   15.885   16.131   16.418   17.451   17.536   17.642   19.010   19.307
   19.329   19.350   19.980   21.248   21.379   22.922   23.224   24.071   25.664   26.081
   26.192   26.644   27.126   27.645   28.432   29.783   30.158   30.538   30.801   31.195
   32.882   33.422   33.717   34.870   35.108   35.122   36.075   36.113   36.804   36.830
            0.277750  0.481077  0.000000
  -77.743  -77.740  -77.735  -41.074  -41.052  -41.043  -41.040  -41.034  -41.007  -41.000
  -40.978  -40.971   -4.925   -4.909   -4.834   -4.818   -4.813   -4.803   -4.755   -4.703
   -4.690   -4.673   -4.672   -4.654   -4.630   -4.627   -4.615    7.033    8.096    8.515
   12.935   13.545   13.713   13.895   13.948   14.424   14.645   14.663   14.770   15.423
   15.579   15.802   15.820   16.106   16.438   17.588   17.647   17.832   18.633   18.989
   19.179   19.503   19.895   21.082   22.038   23.288   23.318   24.347   25.555   26.125
   26.194   26.302   27.060   27.079   27.781   29.019   30.902   31.226   31.540   31.972
   32.658   33.239   33.536   34.173   34.387   34.901   35.461   35.592   37.388   37.494
            0.305525  0.529185  0.000000
  -77.742  -77.741  -77.735  -41.068  -41.057  -41.042  -41.041  -41.034  -41.005  -41.002
  -40.978  -40.973   -4.927   -4.910   -4.827   -4.817   -4.813   -4.810   -4.759   -4.699
   -4.693   -4.672   -4.672   -4.653   -4.628   -4.627   -4.613    7.342    7.837    8.345
   13.181   13.559   13.721   13.773   13.891   14.491   14.604   14.650   14.746   15.533
   15.650   15.717   15.763   16.086   16.454   17.660   17.766   18.146   18.276   18.699
   19.051   19.639   19.803   20.912   22.701   23.337   23.590   24.588   25.328   25.845
   26.120   26.540   26.791   27.105   27.199   28.373   31.622   31.905   32.228   32.490
   32.700   33.083   33.357   33.576   33.700   34.657   34.849   35.089   37.942   38.244
            0.333300  0.577293  0.000000
  -77.742  -77.741  -77.735  -41.062  -41.062  -41.041  -41.041  -41.034  -41.004  -41.002
  -40.976  -40.976   -4.928   -4.910   -4.819   -4.819   -4.814   -4.814   -4.760   -4.696
   -4.696   -4.672   -4.672   -4.653   -4.628   -4.628   -4.612    7.611    7.612    8.261
   13.370   13.561   13.561   13.833   13.833   14.551   14.551   14.646   14.738   15.629
   15.629   15.709   15.709   16.077   16.461   17.675   17.982   17.983   18.438   18.438
   18.985   19.730   19.730   20.845   23.084   23.455   23.456   24.701   25.253   25.889
   25.889   26.795   26.795   26.957   26.958   28.095   32.101   32.101   32.545   32.600
   33.058   33.058   33.172   33.300   33.300   34.517   34.517   34.869   38.306   38.858
            0.347192  0.553241  0.000000
  -77.742  -77.741  -77.735  -41.065  -41.060  -41.042  -41.041  -41.034  -41.004  -41.002
  -40.977  -40.974   -4.928   -4.910   -4.823   -4.816   -4.814   -4.813   -4.760   -4.698
   -4.694   -4.672   -4.672   -4.653   -4.628   -4.628   -4.612    7.511    7.690    8.293
   13.295   13.558   13.631   13.804   13.861   14.525   14.576   14.647   14.740   15.584
   15.672   15.684   15.732   16.080   16.459   17.663   17.890   18.104   18.319   18.536
   19.015   19.704   19.752   20.862   23.026   23.238   23.653   24.665   25.249   25.828
   25.996   26.706   26.794   26.929   27.136   28.153   31.994   32.065   32.490   32.491
   32.958   33.029   33.177   33.367   33.499   34.522   34.604   34.973   38.080   38.745
            0.361083  0.529190  0.000000
  -77.742  -77.741  -77.735  -41.068  -41.057  -41.042  -41.041  -41.034  -41.005  -41.002
  -40.978  -40.973   -4.927   -4.910   -4.828   -4.817   -4.812   -4.809   -4.759   -4.700
   -4.693   -4.672   -4.672   -4.653   -4.628   -4.628   -4.613    7.420    7.713    8.392
   13.156   13.552   13.750   13.777   13.889   14.500   14.597   14.649   14.745   15.539
   15.661   15.711   15.749   16.089   16.452   17.616   17.859   18.208   18.231   18.575
   19.114   19.686   19.760   20.909   22.903   22.978   23.818   24.557   25.230   25.849
   26.027   26.703   26.731   27.068   27.355   28.298   31.820   31.884   32.312   32.355
   32.730   32.927   33.131   33.647   33.854   34.473   34.859   35.260   37.602   38.324
            0.374975  0.505138  0.000000
  -77.742  -77.741  -77.735  -41.070  -41.055  -41.042  -41.040  -41.034  -41.006  -41.001
  -40.979  -40.971   -4.927   -4.910   -4.833   -4.819   -4.811   -4.805   -4.757   -4.702
   -4.691   -4.672   -4.672   -4.654   -4.628   -4.628   -4.613    7.336    7.698    8.539
   12.995   13.545   13.751   13.874   13.915   14.477   14.613   14.652   14.753   15.494
   15.640   15.748   15.760   16.103   16.440   17.550   17.874   18.104   18.361   18.570
   19.265   19.680   19.759   20.980   22.708   22.742   23.921   24.389   25.196   25.869
   25.957   26.776   26.881   27.210   27.607   28.500   31.578   31.650   32.161   32.172
   32.444   32.804   33.081   34.000   34.254   34.397   35.211   35.625   37.069   37.849
            0.388867  0.481087  0.000000
  -77.743  -77.740  -77.735  -41.072  -41.052  -41.042  -41.040  -41.034  -41.006  -41.001
  -40.981  -40.970   -4.925   -4.909   -4.838   -4.821   -4.811   -4.800   -4.755   -4.704
   -4.690   -4.673   -4.672   -4.654   -4.628   -4.628   -4.615    7.262    7.665    8.713
   12.821   13.536   13.727   13.939   13.996   14.456   14.625   14.655   14.764   15.449
   15.620   15.765   15.784   16.122   16.422   17.490   17.909   18.009   18.492   18.546
   19.442   19.688   19.753   21.061   22.448   22.552   23.970   24.179   25.145   25.624
   26.139   26.906   27.142   27.355   27.888   28.747   31.294   31.401   31.921   32.075
   32.132   32.695   33.035   34.307   34.378   34.675   35.613   35.993   36.528   37.410
            0.402758  0.457035  0.000000
  -77.743  -77.740  -77.735  -41.074  -41.050  -41.043  -41.040  -41.034  -41.007  -41.000
  -40.982  -40.968   -4.924   -4.908   -4.844   -4.823   -4.810   -4.796   -4.753   -4.707
   -4.688   -4.673   -4.672   -4.654   -4.628   -4.628   -4.616    7.196    7.627    8.901
   12.637   13.526   13.705   13.962   14.110   14.438   14.632   14.659   14.778   15.405
   15.602   15.766   15.818   16.145   16.399   17.442   17.923   17.957   18.517   18.617
   19.633   19.715   19.747   21.130   22.226   22.341   23.947   23.982   25.055   25.390
   26.369   27.076   27.437   27.502   28.194   29.033   30.992   31.154   31.656   31.812
   32.002   32.603   32.993   34.200   34.762   35.105   35.977   36.055   36.225   37.145
            0.416650  0.432984  0.000000
  -77.743  -77.740  -77.735  -41.076  -41.048  -41.043  -41.040  -41.034  -41.008  -41.000
  -40.983  -40.967   -4.923   -4.906   -4.849   -4.825   -4.809   -4.791   -4.750   -4.709
   -4.687   -4.673   -4.672   -4.655   -4.628   -4.628   -4.617    7.139    7.590    9.094
   12.447   13.516   13.685   13.982   14.215   14.422   14.636   14.662   14.795   15.362
   15.587   15.764   15.852   16.169   16.372   17.406   17.845   18.011   18.488   18.730
   19.747   19.767   19.828   21.149   22.081   22.115   23.707   23.975   24.876   25.245
   26.621   27.274   27.650   27.738   28.520   29.351   30.685   30.916   31.385   31.492
   31.944   32.524   32.958   34.069   35.142   35.469   35.541   36.095   36.483   37.290
            0.430542  0.408932  0.000000
  -77.743  -77.740  -77.735  -41.078  -41.046  -41.043  -41.039  -41.034  -41.009  -40.999
  -40.984  -40.966   -4.922   -4.904   -4.855   -4.826   -4.808   -4.788   -4.746   -4.712
   -4.685   -4.674   -4.673   -4.656   -4.628   -4.628   -4.619    7.090    7.556    9.287
   12.256   13.506   13.669   14.000   14.310   14.408   14.637   14.666   14.813   15.321
   15.573   15.760   15.885   16.194   16.342   17.382   17.778   18.069   18.461   18.826
   19.755   19.848   20.021   21.083   21.879   22.050   23.469   23.960   24.628   25.177
   26.878   27.490   27.795   28.038   28.857   29.692   30.379   30.692   31.121   31.180
   31.898   32.450   32.927   33.898   34.974   35.510   35.791   35.977   36.930   37.669
            0.444433  0.384881  0.000000
  -77.743  -77.740  -77.735  -41.079  -41.044  -41.043  -41.039  -41.034  -41.010  -40.999
  -40.985  -40.965   -4.921   -4.901   -4.860   -4.828   -4.808   -4.784   -4.743   -4.715
   -4.684   -4.674   -4.673   -4.656   -4.628   -4.628   -4.620    7.051    7.527    9.474
   12.070   13.497   13.655   14.015   14.392   14.398   14.635   14.669   14.832   15.283
   15.562   15.755   15.917   16.216   16.310   17.366   17.721   18.127   18.438   18.900
   19.774   19.961   20.207   20.944   21.640   22.119   23.244   23.944   24.367   25.139
   27.125   27.720   27.934   28.334   29.193   30.030   30.079   30.487   30.880   30.897
   31.861   32.377   32.903   33.675   34.516   35.505   35.853   36.407   37.376   38.100
            0.458325  0.360829  0.000000
  -77.743  -77.740  -77.735  -41.080  -41.043  -41.043  -41.039  -41.034  -41.011  -40.998
  -40.985  -40.964   -4.921   -4.898   -4.866   -4.829   -4.807   -4.781   -4.740   -4.719
   -4.683   -4.674   -4.673   -4.657   -4.629   -4.627   -4.622    7.020    7.504    9.645
   11.899   13.490   13.644   14.027   14.389   14.460   14.630   14.672   14.850   15.250
   15.554   15.751   15.948   16.236   16.280   17.356   17.676   18.180   18.419   18.952
   19.806   20.105   20.377   20.779   21.400   22.241   23.042   23.929   24.120   25.114
   27.347   27.956   28.060   28.626   29.501   29.790   30.242   30.309   30.684   30.755
   31.833   32.299   32.883   33.398   34.116   35.287   36.157   36.821   37.813   38.536
            0.472217  0.336778  0.000000
  -77.743  -77.739  -77.735  -41.081  -41.043  -41.042  -41.039  -41.034  -41.012  -40.998
  -40.986  -40.963   -4.921   -4.894   -4.871   -4.830   -4.807   -4.779   -4.736   -4.722
   -4.682   -4.674   -4.673   -4.657   -4.629   -4.627   -4.623    6.998    7.487    9.788
   11.755   13.484   13.636   14.035   14.383   14.514   14.621   14.673   14.866   15.223
   15.547   15.748   15.975   16.251   16.253   17.351   17.643   18.223   18.405   18.986
   19.848   20.273   20.517   20.624   21.165   22.377   22.878   23.904   23.917   25.097
   27.529   28.164   28.190   28.914   29.519   29.737   30.103   30.168   30.566   30.959
   31.813   32.212   32.869   33.090   33.800   35.144   36.403   37.196   38.223   38.946
            0.486108  0.312727  0.000000
  -77.744  -77.739  -77.735  -41.082  -41.043  -41.041  -41.039  -41.034  -41.012  -40.998
  -40.986  -40.963   -4.920   -4.891   -4.875   -4.830   -4.807   -4.778   -4.733   -4.725
   -4.682   -4.674   -4.673   -4.657   -4.629   -4.626   -4.624    6.984    7.477    9.887
   11.655   13.481   13.631   14.041   14.380   14.554   14.608   14.675   14.878   15.205
   15.544   15.745   15.994   16.233   16.260   17.348   17.623   18.251   18.397   19.004
   19.891   20.455   20.508   20.612   20.945   22.489   22.768   23.747   23.910   25.087
   27.650   28.234   28.396   29.189   29.290   29.849   29.854   30.075   30.551   31.237
   31.801   32.132   32.811   32.861   33.597   35.065   36.566   37.484   38.562   39.277
            0.500000  0.288675  0.000000
  -77.744  -77.739  -77.735  -41.082  -41.043  -41.041  -41.039  -41.034  -41.013  -40.998
  -40.986  -40.963   -4.920   -4.889   -4.877   -4.831   -4.807   -4.778   -4.729   -4.729
   -4.682   -4.674   -4.673   -4.657   -4.629   -4.626   -4.625    6.980    7.473    9.923
   11.620   13.480   13.629   14.042   14.379   14.576   14.596   14.675   14.882   15.199
   15.542   15.745   16.001   16.226   16.263   17.347   17.616   18.261   18.394   19.010
   19.910   20.463   20.581   20.647   20.806   22.534   22.729   23.687   23.907   25.084
   27.694   28.259   28.494   29.185   29.367   29.674   29.878   30.042   30.568   31.366
   31.797   32.096   32.684   32.858   33.528   35.040   36.623   37.599   38.713   39.417
            0.458333  0.264619  0.000000
  -77.744  -77.739  -77.735  -41.083  -41.044  -41.041  -41.039  -41.034  -41.013  -40.997
  -40.986  -40.963   -4.920   -4.888   -4.877   -4.830   -4.807   -4.778   -4.729   -4.729
   -4.682   -4.675   -4.673   -4.657   -4.631   -4.626   -4.624    6.850    7.624    9.927
   11.631   13.471   13.621   14.046   14.360   14.577   14.605   14.683   14.879   15.188
   15.520   15.768   16.007   16.233   16.263   17.343   17.534   18.225   18.494   19.058
   19.753   20.319   20.652   20.717   20.932   22.508   22.735   23.665   23.742   25.454
   27.595   27.855   28.909   28.987   29.032   29.794   30.231   30.262   30.394   31.424
   31.570   31.789   32.881   33.263   33.415   35.307   36.549   37.684   38.529   39.510
            0.416667  0.240563  0.000000
  -77.744  -77.739  -77.735  -41.085  -41.044  -41.040  -41.038  -41.034  -41.015  -40.995
  -40.984  -40.963   -4.921   -4.886   -4.875   -4.830   -4.808   -4.778   -4.730   -4.728
   -4.681   -4.676   -4.674   -4.657   -4.634   -4.628   -4.623    6.625    7.912    9.939
   11.667   13.446   13.599   14.056   14.313   14.578   14.624   14.706   14.870   15.155
   15.470   15.821   16.023   16.252   16.263   17.333   17.359   18.139   18.721   19.176
   19.451   20.090   20.670   20.954   21.096   22.333   22.752   23.450   23.908   26.155
   27.351   27.372   28.550   28.621   29.405   30.040   30.136   30.692   30.761   30.825
   31.218   31.976   33.157   33.237   33.977   35.922   36.377   37.882   38.196   39.399
            0.375000  0.216506  0.000000
  -77.745  -77.738  -77.735  -41.088  -41.045  -41.039  -41.038  -41.034  -41.018  -40.993
  -40.982  -40.962   -4.921   -4.882   -4.871   -4.829   -4.810   -4.778   -4.731   -4.727
   -4.681   -4.677   -4.675   -4.657   -4.639   -4.632   -4.621    6.398    8.240    9.961
   11.725   13.409   13.567   14.069   14.247   14.580   14.642   14.742   14.850   15.104
   15.413   15.883   16.048   16.264   16.278   17.166   17.314   18.034   18.996   19.132
   19.303   19.900   20.704   21.140   21.171   22.014   22.781   23.569   24.181   26.908
   26.922   27.047   28.090   28.237   29.668   29.741   30.459   30.518   30.575   31.184
   31.298   32.448   33.063   33.464   34.757   36.178   36.681   37.835   38.112   38.822
            0.333333  0.192450  0.000000
  -77.745  -77.738  -77.735  -41.092  -41.045  -41.038  -41.037  -41.034  -41.020  -40.990
  -40.980  -40.962   -4.922   -4.877   -4.867   -4.827   -4.812   -4.778   -4.733   -4.726
   -4.679   -4.679   -4.676   -4.657   -4.644   -4.637   -4.619    6.188    8.586    9.994
   11.805   13.364   13.530   14.080   14.168   14.579   14.656   14.790   14.816   15.038
   15.357   15.947   16.079   16.264   16.305   16.980   17.288   17.928   18.834   19.284
   19.307   19.872   20.763   20.931   21.342   21.849   22.820   23.896   24.550   26.465
   26.731   27.439   27.866   27.899   29.259   29.436   29.955   30.796   30.983   31.706
   31.789   32.953   33.002   33.750   35.555   35.988   37.426   37.460   37.955   38.148
            0.291667  0.168394  0.000000
  -77.746  -77.737  -77.735  -41.096  -41.046  -41.037  -41.037  -41.034  -41.023  -40.986
  -40.977  -40.961   -4.923   -4.871   -4.861   -4.825   -4.814   -4.778   -4.735   -4.727
   -4.681   -4.678   -4.676   -4.657   -4.649   -4.643   -4.618    6.000    8.937   10.043
   11.905   13.315   13.493   14.079   14.088   14.574   14.663   14.764   14.844   14.960
   15.303   16.008   16.112   16.264   16.324   16.812   17.254   17.831   18.578   19.129
   19.558   20.042   20.568   20.865   21.468   21.864   22.869   24.331   24.995   26.046
   26.432   27.129   27.518   28.335   28.676   29.159   29.598   31.345   31.477   32.135
   32.248   33.101   33.474   34.050   35.783   36.393   36.829   36.975   37.576   38.392
            0.250000  0.144338  0.000000
  -77.746  -77.737  -77.735  -41.100  -41.046  -41.037  -41.036  -41.034  -41.026  -40.983
  -40.975  -40.960   -4.924   -4.864   -4.855   -4.823   -4.815   -4.778   -4.737   -4.730
   -4.685   -4.681   -4.673   -4.657   -4.654   -4.649   -4.617    5.835    9.272   10.123
   12.023   13.263   13.457   13.982   14.092   14.558   14.654   14.703   14.877   14.902
   15.255   16.065   16.144   16.264   16.329   16.666   17.216   17.742   18.373   18.874
   19.789   20.142   20.382   21.030   21.557   21.934   22.924   24.824   25.477   25.647
   26.180   26.752   27.198   28.101   28.137   28.919   30.016   31.929   31.984   32.273
   32.803   33.401   33.983   34.341   35.627   36.081   36.168   37.177   37.245   38.620
            0.208333  0.120281  0.000000
  -77.747  -77.736  -77.735  -41.104  -41.047  -41.036  -41.036  -41.034  -41.029  -40.980
  -40.974  -40.959   -4.925   -4.856   -4.848   -4.821   -4.816   -4.777   -4.739   -4.733
   -4.689   -4.686   -4.669   -4.659   -4.656   -4.655   -4.616    5.694    9.550   10.267
   12.154   13.204   13.425   13.884   14.094   14.521   14.581   14.683   14.798   14.959
   15.212   16.116   16.171   16.265   16.317   16.543   17.183   17.656   18.222   18.594
   19.916   19.959   20.644   21.275   21.619   22.021   22.984   25.263   25.330   25.762
   26.194   26.409   26.912   27.569   27.630   28.721   30.802   32.310   32.485   32.517
   33.363   33.777   34.352   34.444   35.457   35.494   35.645   37.020   37.816   38.494
            0.166667  0.096225  0.000000
  -77.747  -77.736  -77.735  -41.108  -41.047  -41.036  -41.035  -41.034  -41.031  -40.977
  -40.973  -40.958   -4.926   -4.848   -4.842   -4.819   -4.816   -4.776   -4.742   -4.737
   -4.694   -4.691   -4.665   -4.663   -4.660   -4.656   -4.615    5.579    9.730   10.508
   12.293   13.129   13.397   13.796   14.093   14.449   14.473   14.681   14.739   15.010
   15.177   16.159   16.190   16.266   16.290   16.443   17.158   17.561   18.116   18.339
   19.737   20.068   20.951   21.597   21.662   22.116   23.044   24.885   25.629   25.756
   26.123   26.665   26.670   27.098   27.179   28.577   31.583   32.393   32.933   33.088
   33.917   33.947   34.151   34.196   35.393   35.459   35.766   36.866   38.107   38.137
            0.125000  0.072169  0.000000
  -77.747  -77.736  -77.735  -41.110  -41.048  -41.035  -41.035  -41.034  -41.033  -40.974
  -40.972  -40.957   -4.927   -4.841   -4.836   -4.817   -4.816   -4.773   -4.744   -4.741
   -4.700   -4.698   -4.665   -4.664   -4.661   -4.656   -4.614    5.489    9.826   10.817
   12.432   13.025   13.376   13.731   14.091   14.347   14.355   14.680   14.706   15.053
   15.148   16.192   16.201   16.257   16.267   16.368   17.145   17.450   18.047   18.152
   19.617   20.133   21.249   21.690   21.973   22.216   23.100   24.503   25.476   25.774
   25.998   26.462   26.710   27.058   27.165   28.512   31.986   32.852   33.058   33.334
   33.612   33.868   34.447   34.482   35.331   35.844   36.196   36.789   37.784   38.178
            0.083333  0.048113  0.000000
  -77.748  -77.735  -77.735  -41.112  -41.048  -41.035  -41.035  -41.034  -41.034  -40.972
  -40.971  -40.957   -4.928   -4.835   -4.832   -4.816   -4.815   -4.770   -4.745   -4.744
   -4.705   -4.704   -4.667   -4.666   -4.658   -4.656   -4.614    5.425    9.876   11.132
   12.556   12.888   13.360   13.701   14.090   14.240   14.242   14.679   14.689   15.085
   15.128   16.203   16.216   16.228   16.270   16.315   17.139   17.339   18.004   18.043
   19.542   20.170   21.500   21.708   22.321   22.384   23.146   24.106   25.360   25.555
   25.806   26.311   26.421   27.330   27.537   28.574   32.046   32.615   32.744   33.605
   34.043   34.111   34.756   34.915   35.321   36.183   36.661   36.811   37.442   38.034
            0.041667  0.024056  0.000000
  -77.748  -77.735  -77.735  -41.114  -41.048  -41.035  -41.035  -41.035  -41.034  -40.971
  -40.971  -40.956   -4.928   -4.830   -4.830   -4.815   -4.815   -4.768   -4.746   -4.746
   -4.709   -4.708   -4.668   -4.668   -4.657   -4.656   -4.613    5.386    9.901   11.389
   12.646   12.747   13.350   13.697   14.088   14.156   14.157   14.679   14.681   15.105
   15.115   16.202   16.207   16.229   16.273   16.284   17.138   17.258   17.982   17.990
   19.500   20.189   21.665   21.718   22.413   22.813   23.177   23.692   25.289   25.351
   25.646   26.217   26.244   27.631   27.713   28.752   32.030   32.174   32.337   34.251
   34.318   34.390   34.999   35.259   35.360   36.383   36.862   36.962   37.210   37.723
            0.000000  0.000000  0.000000
  -77.748  -77.735  -77.735  -41.114  -41.048  -41.035  -41.035  -41.035  -41.034  -40.971
  -40.971  -40.956   -4.928   -4.829   -4.829   -4.814   -4.814   -4.767   -4.747   -4.747
   -4.710   -4.710   -4.668   -4.668   -4.656   -4.656   -4.613    5.373    9.909   11.496
   12.680   12.680   13.347   13.699   14.087   14.124   14.124   14.678   14.678   15.111
   15.111   16.200   16.200   16.233   16.274   16.274   17.138   17.229   17.974   17.974
   19.487   20.195   21.721   21.721   22.453   23.188   23.188   23.322   25.265   25.265
   25.595   26.185   26.185   27.755   27.755   28.856   31.995   31.995   32.211   34.408
   34.502   34.502   35.149   35.390   35.390   36.469   36.837   36.837   37.393   37.645
            0.000000  0.000000  0.051644
  -77.748  -77.735  -77.735  -41.114  -41.048  -41.035  -41.035  -41.035  -41.034  -40.971
  -40.971  -40.956   -4.928   -4.829   -4.829   -4.815   -4.815   -4.766   -4.748   -4.748
   -4.710   -4.710   -4.668   -4.668   -4.656   -4.656   -4.613    5.388    9.897   11.485
   12.696   12.696   13.370   13.563   14.127   14.127   14.178   14.678   14.678   15.113
   15.113   16.200   16.200   16.232   16.272   16.272   17.138   17.234   17.952   17.952
   19.566   20.131   21.672   21.672   22.123   23.047   23.048   23.676   25.448   25.448
   25.702   26.231   26.231   27.810   27.810   28.874   31.994   31.994   32.212   34.388
   34.446   34.446   35.153   35.362   35.362   36.342   36.851   36.851   37.328   37.449
            0.000000  0.000000  0.103289
  -77.748  -77.735  -77.735  -41.114  -41.048  -41.035  -41.035  -41.035  -41.034  -40.971
  -40.971  -40.956   -4.927   -4.828   -4.828   -4.815   -4.815   -4.765   -4.750   -4.750
   -4.709   -4.709   -4.666   -4.666   -4.656   -4.656   -4.613    5.432    9.858   11.453
   12.745   12.745   13.302   13.439   14.137   14.138   14.314   14.678   14.678   15.120
   15.120   16.201   16.201   16.230   16.268   16.268   17.138   17.242   17.884   17.884
   19.775   19.979   21.535   21.535   21.579   22.727   22.727   24.291   25.897   25.897
   26.008   26.362   26.362   27.976   27.976   28.929   31.991   31.992   32.214   34.276
   34.276   34.330   35.165   35.281   35.281   36.015   36.889   36.889   37.048   37.161
            0.000000  0.000000  0.154933
  -77.748  -77.735  -77.735  -41.114  -41.048  -41.035  -41.035  -41.035  -41.034  -40.971
  -40.971  -40.956   -4.926   -4.828   -4.828   -4.816   -4.816   -4.764   -4.753   -4.753
   -4.708   -4.708   -4.664   -4.664   -4.656   -4.656   -4.612    5.505    9.787   11.407
   12.825   12.825   13.015   13.548   14.153   14.153   14.424   14.678   14.678   15.131
   15.131   16.201   16.201   16.226   16.262   16.262   17.138   17.243   17.770   17.770
   19.664   20.214   21.023   21.332   21.332   22.359   22.359   24.965   26.475   26.478
   26.478   26.554   26.554   28.252   28.252   29.019   31.988   31.988   32.216   33.992
   33.992   34.236   35.162   35.162   35.185   35.579   36.428   36.945   36.945   36.959
            0.000000  0.000000  0.206577
  -77.748  -77.735  -77.735  -41.114  -41.048  -41.035  -41.035  -41.035  -41.034  -40.971
  -40.971  -40.956   -4.924   -4.828   -4.828   -4.817   -4.817   -4.761   -4.758   -4.758
   -4.707   -4.707   -4.662   -4.662   -4.656   -4.656   -4.612    5.607    9.677   11.352
   12.742   12.936   12.936   13.690   14.173   14.173   14.504   14.678   14.678   15.147
   15.147   16.202   16.202   16.222   16.254   16.254   17.138   17.226   17.610   17.610
   19.379   20.485   20.713   21.089   21.089   22.007   22.008   25.667   26.789   26.789
   27.063   27.129   27.129   28.632   28.632   29.145   31.985   31.985   32.213   33.610
   33.610   34.109   35.018   35.019   35.094   35.211   35.608   36.869   36.869   37.013
            0.000000  0.000000  0.258222
  -77.748  -77.735  -77.735  -41.114  -41.048  -41.035  -41.035  -41.034  -41.034  -40.971
  -40.971  -40.956   -4.922   -4.827   -4.827   -4.819   -4.819   -4.763   -4.763   -4.758
   -4.705   -4.705   -4.659   -4.659   -4.656   -4.656   -4.611    5.738    9.519   11.293
   12.507   13.077   13.077   13.858   14.196   14.196   14.562   14.677   14.677   15.169
   15.169   16.202   16.202   16.216   16.244   16.244   17.138   17.183   17.405   17.405
   19.090   19.973   20.827   20.828   21.317   21.697   21.698   26.386   27.055   27.055
   27.740   27.816   27.816   29.104   29.104   29.305   31.983   31.983   32.193   33.159
   33.159   33.927   34.591   34.761   34.863   34.863   35.243   36.874   36.874   37.088
            0.000000  0.000000  0.309866
  -77.748  -77.735  -77.735  -41.114  -41.048  -41.035  -41.035  -41.034  -41.034  -40.971
  -40.971  -40.956   -4.920   -4.827   -4.827   -4.820   -4.820   -4.768   -4.768   -4.755
   -4.703   -4.703   -4.657   -4.657   -4.657   -4.657   -4.610    5.896    9.312   11.235
   12.324   13.245   13.245   14.044   14.218   14.218   14.606   14.676   14.676   15.196
   15.196   16.201   16.201   16.210   16.234   16.235   17.113   17.138   17.161   17.161
   18.830   19.493   20.567   20.567   21.439   21.439   21.999   27.112   27.347   27.347
   28.479   28.521   28.521   29.499   29.652   29.652   31.987   31.987   32.114   32.667
   32.667   33.543   34.088   34.136   34.704   34.704   35.279   36.952   36.952   37.098
            0.000000  0.000000  0.361510
  -77.748  -77.735  -77.735  -41.114  -41.048  -41.035  -41.035  -41.034  -41.034  -40.971
  -40.971  -40.956   -4.918   -4.826   -4.826   -4.822   -4.822   -4.773   -4.773   -4.752
   -4.701   -4.701   -4.657   -4.657   -4.654   -4.654   -4.609    6.079    9.059   11.182
   12.195   13.438   13.438   14.239   14.239   14.241   14.639   14.674   14.674   15.227
   15.227   16.198   16.198   16.204   16.225   16.225   16.889   16.889   17.015   17.138
   18.615   19.050   20.322   20.322   21.233   21.233   22.744   27.666   27.666   27.836
   29.224   29.224   29.259   29.725   30.263   30.263   31.834   32.002   32.002   32.156
   32.156   32.995   33.594   33.876   34.542   34.542   35.317   36.944   37.082   37.082
            0.000000  0.000000  0.413155
  -77.748  -77.735  -77.735  -41.114  -41.048  -41.035  -41.035  -41.034  -41.034  -40.971
  -40.971  -40.956   -4.916   -4.826   -4.826   -4.823   -4.823   -4.777   -4.777   -4.750
   -4.698   -4.698   -4.658   -4.658   -4.652   -4.652   -4.609    6.287    8.774   11.136
   12.113   13.651   13.651   14.258   14.258   14.441   14.666   14.670   14.670   15.261
   15.261   16.189   16.189   16.199   16.216   16.216   16.606   16.606   16.898   17.138
   18.453   18.652   20.103   20.104   21.075   21.075   23.534   28.013   28.013   28.540
   29.898   29.898   29.982   30.022   30.920   30.920   31.223   31.640   31.640   32.040
   32.040   32.734   33.114   33.722   34.376   34.376   35.356   36.772   37.230   37.230
            0.000000  0.000000  0.464799
  -77.748  -77.735  -77.735  -41.114  -41.048  -41.035  -41.035  -41.034  -41.034  -40.971
  -40.971  -40.956   -4.914   -4.825   -4.825   -4.824   -4.824   -4.781   -4.780   -4.747
   -4.696   -4.696   -4.658   -4.658   -4.651   -4.651   -4.608    6.514    8.472   11.098
   12.067   13.876   13.877   14.272   14.272   14.631   14.663   14.663   14.689   15.293
   15.293   16.144   16.144   16.194   16.208   16.209   16.358   16.358   16.777   17.139
   18.308   18.341   19.922   19.922   20.960   20.960   24.356   28.386   28.386   29.197
   30.106   30.266   30.497   30.497   31.104   31.124   31.124   31.612   31.613   32.128
   32.128   32.655   32.669   33.601   34.197   34.197   35.395   36.543   36.987   36.987
            0.000000  0.000000  0.516444
  -77.748  -77.735  -77.735  -41.114  -41.049  -41.035  -41.035  -41.034  -41.034  -40.971
  -40.971  -40.956   -4.913   -4.825   -4.825   -4.825   -4.825   -4.783   -4.783   -4.745
   -4.695   -4.695   -4.659   -4.659   -4.649   -4.649   -4.607    6.753    8.172   11.070
   12.044   14.100   14.100   14.282   14.283   14.649   14.649   14.706   14.793   15.320
   15.320   15.975   15.975   16.191   16.203   16.203   16.260   16.260   16.673   17.139
   18.037   18.269   19.785   19.786   20.883   20.883   25.186   28.785   28.785   29.294
   29.760   30.573   30.624   30.624   30.947   30.947   31.818   32.222   32.306   32.306
   32.306   32.306   32.666   33.506   33.998   33.998   35.437   36.181   36.200   36.200
            0.000000  0.000000  0.568088
  -77.748  -77.735  -77.735  -41.114  -41.049  -41.035  -41.035  -41.034  -41.034  -40.971
  -40.971  -40.956   -4.912   -4.826   -4.826   -4.825   -4.824   -4.785   -4.785   -4.744
   -4.694   -4.694   -4.659   -4.659   -4.649   -4.649   -4.607    6.976    7.909   11.054
   12.034   14.289   14.289   14.293   14.294   14.622   14.622   14.718   14.906   15.339
   15.339   15.789   15.789   16.189   16.199   16.199   16.242   16.243   16.602   17.139
   17.859   18.230   19.701   19.701   20.838   20.838   25.961   28.486   29.207   29.207
   30.139   30.139   30.158   30.882   31.192   31.192   31.837   32.448   32.563   32.563
   32.715   32.934   32.934   33.436   33.788   33.788   35.486   35.495   35.495   35.713
            0.000000  0.000000  0.619732
  -77.748  -77.735  -77.735  -41.114  -41.049  -41.035  -41.035  -41.034  -41.034  -40.971
  -40.971  -40.956   -4.911   -4.826   -4.826   -4.824   -4.824   -4.785   -4.785   -4.744
   -4.693   -4.693   -4.659   -4.659   -4.648   -4.648   -4.607    7.089    7.782   11.048
   12.032   14.291   14.291   14.386   14.386   14.595   14.595   14.722   14.946   15.345
   15.345   15.713   15.713   16.188   16.198   16.198   16.239   16.239   16.577   17.139
   17.797   18.217   19.672   19.672   20.823   20.824   26.378   28.055   29.582   29.582
   29.743   29.743   30.305   31.070   31.263   31.263   31.624   32.603   32.712   32.712
   32.875   33.245   33.245   33.401   33.673   33.673   35.158   35.158   35.463   35.525
