 &plot nbnd=  50, nks=    49 /
            0.000000  0.000000  0.000000
  -45.385  -45.259  -45.259  -19.979  -19.652  -19.652  -19.540  -19.409  -19.409  -19.157
  -18.987  -18.987   -5.920   -5.850   -5.850   -5.832   -5.818   -5.818   -5.808   -5.808
   -5.775   -5.775   -5.769   -5.769   -5.742   -5.742   -5.730    5.374    7.791   10.388
   11.068   11.546   11.767   11.767   13.114   13.114   13.312   13.859   13.859   13.888
   13.888   16.607   16.607   16.712   17.029   17.029   17.641   17.775   19.055   19.055
            0.027775  0.048108  0.000000
  -45.384  -45.260  -45.259  -19.975  -19.651  -19.649  -19.539  -19.410  -19.409  -19.159
  -18.993  -18.988   -5.919   -5.851   -5.850   -5.832   -5.818   -5.818   -5.807   -5.807
   -5.774   -5.774   -5.769   -5.769   -5.742   -5.741   -5.730    5.390    7.799   10.293
   11.078   11.564   11.753   11.835   13.121   13.124   13.303   13.841   13.860   13.870
   13.895   16.593   16.618   16.694   17.022   17.028   17.676   17.816   19.031   19.073
            0.055550  0.096215  0.000000
  -45.382  -45.262  -45.259  -19.963  -19.650  -19.640  -19.537  -19.412  -19.409  -19.166
  -19.008  -18.992   -5.918   -5.854   -5.852   -5.832   -5.820   -5.819   -5.805   -5.805
   -5.772   -5.771   -5.770   -5.769   -5.741   -5.739   -5.730    5.437    7.823   10.056
   11.108   11.615   11.717   11.984   13.139   13.157   13.276   13.788   13.790   13.904
   13.914   16.552   16.637   16.646   16.999   17.036   17.767   17.928   18.980   19.106
            0.083325  0.144323  0.000000
  -45.379  -45.265  -45.259  -19.943  -19.647  -19.625  -19.534  -19.415  -19.409  -19.177
  -19.034  -18.997   -5.917   -5.859   -5.854   -5.833   -5.821   -5.821   -5.803   -5.802
   -5.772   -5.770   -5.768   -5.766   -5.739   -5.736   -5.731    5.514    7.859    9.754
   11.156   11.621   11.733   12.132   13.158   13.219   13.232   13.704   13.714   13.938
   13.961   16.489   16.541   16.679   16.962   17.075   17.873   18.085   18.945   19.096
            0.111100  0.192431  0.000000
  -45.375  -45.269  -45.259  -19.916  -19.643  -19.605  -19.530  -19.420  -19.409  -19.194
  -19.066  -19.005   -5.915   -5.865   -5.856   -5.833   -5.822   -5.822   -5.800   -5.799
   -5.775   -5.770   -5.765   -5.761   -5.737   -5.732   -5.731    5.621    7.903    9.427
   11.222   11.538   11.851   12.234   13.145   13.172   13.308   13.600   13.691   13.960
   14.039   16.401   16.414   16.714   16.912   17.152   17.943   18.263   18.953   19.018
            0.138875  0.240539  0.000000
  -45.370  -45.274  -45.259  -19.884  -19.638  -19.578  -19.524  -19.425  -19.409  -19.218
  -19.102  -19.015   -5.913   -5.872   -5.857   -5.833   -5.823   -5.822   -5.798   -5.796
   -5.778   -5.771   -5.761   -5.756   -5.735   -5.732   -5.727    5.757    7.948    9.096
   11.304   11.442   12.003   12.285   13.071   13.096   13.401   13.485   13.762   13.977
   14.138   16.266   16.271   16.752   16.850   17.268   17.960   18.442   18.905   18.981
            0.166650  0.288646  0.000000
  -45.364  -45.280  -45.259  -19.848  -19.632  -19.544  -19.518  -19.431  -19.409  -19.253
  -19.137  -19.028   -5.911   -5.878   -5.858   -5.833   -5.823   -5.822   -5.796   -5.793
   -5.782   -5.771   -5.758   -5.751   -5.734   -5.730   -5.722    5.920    7.984    8.773
   11.359   11.402   12.178   12.297   12.951   12.999   13.376   13.466   13.918   13.994
   14.257   16.086   16.103   16.777   16.796   17.421   17.945   18.604   18.735   18.974
            0.194425  0.336754  0.000000
  -45.357  -45.287  -45.259  -19.810  -19.625  -19.512  -19.506  -19.438  -19.409  -19.300
  -19.168  -19.041   -5.909   -5.884   -5.858   -5.833   -5.822   -5.822   -5.795   -5.790
   -5.785   -5.772   -5.755   -5.747   -5.733   -5.727   -5.718    6.108    8.003    8.464
   11.312   11.512   12.283   12.369   12.811   12.878   13.286   13.484   14.014   14.127
   14.393   15.856   15.935   16.696   16.851   17.606   17.923   18.533   18.734   18.900
            0.222200  0.384862  0.000000
  -45.350  -45.294  -45.259  -19.771  -19.616  -19.504  -19.462  -19.446  -19.409  -19.355
  -19.195  -19.057   -5.908   -5.889   -5.857   -5.834   -5.821   -5.821   -5.797   -5.788
   -5.786   -5.772   -5.753   -5.746   -5.731   -5.724   -5.715    6.318    7.997    8.173
   11.319   11.632   12.248   12.545   12.689   12.737   13.219   13.463   14.014   14.365
   14.545   15.617   15.766   16.612   16.924   17.820   17.904   18.331   18.757   18.823
            0.249975  0.432969  0.000000
  -45.343  -45.301  -45.259  -19.731  -19.607  -19.497  -19.453  -19.415  -19.414  -19.409
  -19.221  -19.073   -5.907   -5.893   -5.855   -5.836   -5.820   -5.820   -5.801   -5.786
   -5.786   -5.773   -5.751   -5.746   -5.728   -5.722   -5.714    6.546    7.903    7.964
   11.391   11.760   12.196   12.473   12.586   12.818   13.174   13.426   13.960   14.607
   14.706   15.415   15.602   16.528   17.018   17.891   18.058   18.148   18.560   18.867
            0.277750  0.481077  0.000000
  -45.336  -45.309  -45.259  -19.691  -19.597  -19.489  -19.474  -19.461  -19.409  -19.369
  -19.246  -19.088   -5.907   -5.895   -5.852   -5.838   -5.819   -5.818   -5.805   -5.785
   -5.785   -5.773   -5.750   -5.747   -5.725   -5.720   -5.713    6.786    7.657    7.910
   11.529   11.892   12.127   12.318   12.435   13.029   13.145   13.396   13.831   14.825
   14.872   15.275   15.446   16.453   17.138   17.882   17.999   18.316   18.338   18.871
            0.305525  0.529185  0.000000
  -45.329  -45.316  -45.259  -19.651  -19.591  -19.526  -19.482  -19.468  -19.409  -19.326
  -19.270  -19.101   -5.907   -5.896   -5.849   -5.841   -5.817   -5.816   -5.810   -5.785
   -5.784   -5.773   -5.749   -5.748   -5.722   -5.718   -5.714    7.027    7.436    7.850
   11.725   12.025   12.043   12.157   12.289   13.129   13.239   13.387   13.643   14.995
   15.032   15.183   15.302   16.397   17.266   17.872   17.902   18.142   18.582   18.853
            0.333300  0.577293  0.000000
  -45.322  -45.322  -45.259  -19.612  -19.612  -19.547  -19.475  -19.475  -19.409  -19.294
  -19.294  -19.106   -5.908   -5.897   -5.844   -5.844   -5.815   -5.814   -5.814   -5.784
   -5.784   -5.773   -5.749   -5.749   -5.721   -5.716   -5.716    7.241    7.241    7.816
   11.947   11.947   12.017   12.155   12.155   13.125   13.403   13.433   13.433   15.105
   15.105   15.171   15.171   16.374   17.334   17.868   17.868   18.052   18.730   18.944
            0.347192  0.553241  0.000000
  -45.325  -45.319  -45.259  -19.633  -19.593  -19.545  -19.478  -19.472  -19.409  -19.306
  -19.284  -19.104   -5.907   -5.896   -5.847   -5.842   -5.817   -5.814   -5.813   -5.784
   -5.784   -5.773   -5.749   -5.748   -5.722   -5.717   -5.715    7.154    7.318    7.830
   11.896   11.902   12.094   12.115   12.218   13.126   13.322   13.429   13.518   15.062
   15.112   15.140   15.227   16.381   17.315   17.866   17.877   18.079   18.714   18.827
            0.361083  0.529190  0.000000
  -45.328  -45.316  -45.259  -19.656  -19.574  -19.539  -19.481  -19.469  -19.409  -19.318
  -19.280  -19.099   -5.907   -5.896   -5.849   -5.840   -5.819   -5.813   -5.812   -5.785
   -5.784   -5.773   -5.749   -5.748   -5.722   -5.718   -5.714    7.074    7.363    7.877
   11.823   11.846   12.036   12.253   12.278   13.129   13.221   13.456   13.593   15.014
   15.057   15.167   15.272   16.402   17.265   17.855   17.902   18.154   18.685   18.711
            0.374975  0.505138  0.000000
  -45.331  -45.314  -45.259  -19.678  -19.554  -19.532  -19.484  -19.466  -19.409  -19.330
  -19.280  -19.092   -5.907   -5.896   -5.852   -5.838   -5.821   -5.812   -5.811   -5.785
   -5.784   -5.773   -5.749   -5.748   -5.723   -5.720   -5.713    7.002    7.377    7.953
   11.744   11.796   11.984   12.335   12.395   13.126   13.132   13.490   13.656   14.960
   15.006   15.191   15.306   16.437   17.197   17.837   17.943   18.258   18.597   18.652
            0.388867  0.481087  0.000000
  -45.333  -45.311  -45.259  -19.698  -19.535  -19.524  -19.487  -19.463  -19.409  -19.342
  -19.284  -19.082   -5.907   -5.895   -5.854   -5.836   -5.822   -5.810   -5.810   -5.785
   -5.784   -5.773   -5.749   -5.748   -5.724   -5.721   -5.712    6.936    7.370    8.050
   11.664   11.749   11.936   12.388   12.539   13.039   13.137   13.530   13.703   14.900
   14.960   15.215   15.327   16.487   17.121   17.814   17.996   18.377   18.486   18.618
            0.402758  0.457035  0.000000
  -45.335  -45.309  -45.259  -19.717  -19.517  -19.515  -19.489  -19.461  -19.409  -19.354
  -19.291  -19.071   -5.907   -5.894   -5.857   -5.834   -5.824   -5.809   -5.809   -5.786
   -5.784   -5.773   -5.748   -5.748   -5.725   -5.723   -5.711    6.878    7.354    8.154
   11.587   11.704   11.893   12.437   12.680   12.961   13.143   13.575   13.735   14.836
   14.919   15.244   15.339   16.548   17.043   17.785   18.061   18.376   18.501   18.585
            0.416650  0.432984  0.000000
  -45.337  -45.307  -45.259  -19.733  -19.506  -19.498  -19.491  -19.459  -19.409  -19.365
  -19.301  -19.059   -5.907   -5.893   -5.860   -5.832   -5.825   -5.808   -5.808   -5.786
   -5.784   -5.774   -5.748   -5.747   -5.727   -5.724   -5.710    6.828    7.334    8.258
   11.514   11.663   11.855   12.482   12.816   12.893   13.149   13.623   13.753   14.769
   14.883   15.279   15.344   16.619   16.967   17.752   18.133   18.271   18.554   18.625
            0.430542  0.408932  0.000000
  -45.339  -45.305  -45.259  -19.747  -19.497  -19.493  -19.480  -19.457  -19.409  -19.376
  -19.312  -19.049   -5.907   -5.891   -5.863   -5.831   -5.827   -5.807   -5.807   -5.787
   -5.784   -5.774   -5.748   -5.746   -5.728   -5.725   -5.709    6.785    7.313    8.357
   11.445   11.627   11.823   12.520   12.834   12.942   13.154   13.673   13.757   14.701
   14.852   15.320   15.343   16.694   16.895   17.717   18.169   18.209   18.526   18.744
            0.444433  0.384881  0.000000
  -45.340  -45.304  -45.259  -19.759  -19.494  -19.488  -19.462  -19.456  -19.409  -19.387
  -19.325  -19.040   -5.907   -5.890   -5.866   -5.830   -5.828   -5.807   -5.806   -5.788
   -5.783   -5.774   -5.747   -5.745   -5.730   -5.726   -5.709    6.750    7.295    8.446
   11.384   11.596   11.796   12.553   12.786   13.056   13.159   13.724   13.752   14.635
   14.827   15.339   15.363   16.770   16.829   17.681   18.075   18.284   18.502   18.855
            0.458325  0.360829  0.000000
  -45.342  -45.303  -45.259  -19.768  -19.495  -19.479  -19.455  -19.445  -19.409  -19.397
  -19.339  -19.033   -5.907   -5.888   -5.869   -5.829   -5.828   -5.806   -5.805   -5.788
   -5.783   -5.775   -5.747   -5.744   -5.732   -5.727   -5.708    6.723    7.279    8.520
   11.332   11.571   11.776   12.579   12.749   13.152   13.163   13.740   13.772   14.575
   14.807   15.335   15.405   16.773   16.841   17.648   17.992   18.353   18.483   18.955
            0.472217  0.336778  0.000000
  -45.342  -45.302  -45.259  -19.775  -19.496  -19.471  -19.454  -19.428  -19.409  -19.406
  -19.353  -19.027   -5.907   -5.886   -5.872   -5.829   -5.828   -5.806   -5.804   -5.788
   -5.783   -5.775   -5.747   -5.743   -5.733   -5.728   -5.708    6.703    7.268    8.576
   11.293   11.553   11.761   12.598   12.722   13.167   13.228   13.725   13.813   14.525
   14.793   15.330   15.441   16.729   16.901   17.621   17.924   18.409   18.469   19.040
            0.486108  0.312727  0.000000
  -45.343  -45.302  -45.259  -19.779  -19.497  -19.465  -19.453  -19.414  -19.413  -19.409
  -19.365  -19.024   -5.907   -5.884   -5.874   -5.829   -5.827   -5.806   -5.804   -5.789
   -5.783   -5.775   -5.747   -5.742   -5.735   -5.728   -5.708    6.691    7.261    8.611
   11.268   11.542   11.752   12.609   12.706   13.169   13.277   13.714   13.841   14.491
   14.784   15.327   15.465   16.701   16.942   17.603   17.878   18.445   18.461   19.101
            0.500000  0.288675  0.000000
  -45.343  -45.301  -45.259  -19.780  -19.497  -19.463  -19.453  -19.416  -19.409  -19.407
  -19.372  -19.023   -5.907   -5.883   -5.875   -5.830   -5.827   -5.805   -5.804   -5.789
   -5.783   -5.775   -5.747   -5.742   -5.735   -5.728   -5.708    6.687    7.258    8.623
   11.260   11.539   11.749   12.613   12.701   13.169   13.294   13.709   13.851   14.479
   14.781   15.326   15.473   16.691   16.957   17.597   17.862   18.458   18.458   19.124
            0.458333  0.264619  0.000000
  -45.344  -45.300  -45.259  -19.783  -19.498  -19.491  -19.452  -19.434  -19.409  -19.375
  -19.354  -19.022   -5.907   -5.883   -5.875   -5.829   -5.827   -5.808   -5.801   -5.789
   -5.783   -5.775   -5.748   -5.742   -5.735   -5.728   -5.708    6.608    7.344    8.620
   11.267   11.560   11.726   12.639   12.677   13.177   13.295   13.661   13.880   14.457
   14.733   15.382   15.504   16.712   16.957   17.609   17.817   18.452   18.490   19.092
            0.416667  0.240563  0.000000
  -45.348  -45.296  -45.259  -19.792  -19.532  -19.502  -19.464  -19.448  -19.409  -19.324
  -19.324  -19.021   -5.908   -5.881   -5.873   -5.829   -5.828   -5.811   -5.798   -5.790
   -5.783   -5.774   -5.748   -5.743   -5.735   -5.729   -5.710    6.444    7.522    8.616
   11.289   11.619   11.665   12.610   12.709   13.200   13.296   13.579   13.908   14.397
   14.625   15.513   15.591   16.768   16.957   17.647   17.709   18.441   18.554   19.012
            0.375000  0.216506  0.000000
  -45.353  -45.291  -45.259  -19.806  -19.568  -19.507  -19.495  -19.443  -19.409  -19.294
  -19.271  -19.019   -5.909   -5.879   -5.872   -5.828   -5.828   -5.814   -5.795   -5.792
   -5.784   -5.774   -5.750   -5.745   -5.735   -5.730   -5.713    6.264    7.709    8.630
   11.325   11.583   11.709   12.507   12.804   13.239   13.297   13.506   13.899   14.313
   14.501   15.675   15.718   16.834   16.958   17.579   17.707   18.443   18.602   18.920
            0.333333  0.192450  0.000000
  -45.358  -45.286  -45.259  -19.827  -19.596  -19.525  -19.513  -19.437  -19.409  -19.266
  -19.219  -19.016   -5.910   -5.876   -5.869   -5.829   -5.828   -5.816   -5.793   -5.793
   -5.783   -5.773   -5.752   -5.748   -5.735   -5.731   -5.716    6.090    7.854    8.698
   11.372   11.493   11.811   12.383   12.905   13.292   13.297   13.451   13.850   14.222
   14.377   15.848   15.865   16.884   16.960   17.447   17.781   18.480   18.603   18.857
            0.291667  0.168394  0.000000
  -45.364  -45.281  -45.259  -19.852  -19.616  -19.552  -19.518  -19.432  -19.409  -19.240
  -19.170  -19.013   -5.911   -5.873   -5.866   -5.830   -5.827   -5.818   -5.795   -5.794
   -5.781   -5.772   -5.755   -5.752   -5.735   -5.732   -5.720    5.930    7.927    8.847
   11.404   11.429   11.898   12.265   12.999   13.279   13.373   13.412   13.773   14.136
   14.262   16.017   16.021   16.896   16.963   17.325   17.854   18.548   18.567   18.849
            0.250000  0.144338  0.000000
  -45.369  -45.275  -45.259  -19.880  -19.629  -19.577  -19.523  -19.426  -19.409  -19.218
  -19.125  -19.008   -5.913   -5.869   -5.863   -5.831   -5.825   -5.819   -5.797   -5.795
   -5.779   -5.771   -5.759   -5.756   -5.735   -5.732   -5.725    5.787    7.936    9.067
   11.321   11.493   11.917   12.198   13.081   13.257   13.378   13.465   13.693   14.064
   14.158   16.162   16.188   16.867   16.967   17.220   17.909   18.445   18.698   18.898
            0.208333  0.120281  0.000000
  -45.373  -45.271  -45.259  -19.907  -19.638  -19.599  -19.528  -19.421  -19.409  -19.199
  -19.085  -19.004   -5.915   -5.865   -5.860   -5.832   -5.824   -5.820   -5.800   -5.798
   -5.776   -5.770   -5.762   -5.760   -5.737   -5.732   -5.729    5.663    7.913    9.329
   11.247   11.560   11.848   12.187   13.150   13.226   13.326   13.563   13.653   14.008
   14.069   16.294   16.342   16.811   16.973   17.137   17.931   18.310   18.835   18.982
            0.166667  0.096225  0.000000
  -45.377  -45.267  -45.259  -19.931  -19.644  -19.618  -19.532  -19.417  -19.409  -19.183
  -19.051  -18.999   -5.916   -5.860   -5.856   -5.832   -5.823   -5.820   -5.802   -5.800
   -5.774   -5.770   -5.766   -5.764   -5.738   -5.733   -5.731    5.560    7.878    9.606
   11.184   11.624   11.752   12.155   13.191   13.206   13.254   13.658   13.675   13.965
   13.994   16.407   16.475   16.746   16.982   17.077   17.904   18.162   18.912   19.066
            0.125000  0.072169  0.000000
  -45.380  -45.264  -45.259  -19.952  -19.648  -19.632  -19.536  -19.414  -19.409  -19.172
  -19.023  -18.994   -5.918   -5.856   -5.853   -5.833   -5.821   -5.820   -5.804   -5.803
   -5.772   -5.770   -5.769   -5.768   -5.740   -5.737   -5.731    5.479    7.843    9.880
   11.134   11.666   11.682   12.067   13.160   13.189   13.251   13.738   13.741   13.933
   13.935   16.497   16.581   16.687   16.995   17.042   17.830   18.017   18.949   19.110
            0.083333  0.048113  0.000000
  -45.383  -45.261  -45.259  -19.967  -19.650  -19.643  -19.538  -19.411  -19.409  -19.164
  -19.003  -18.990   -5.919   -5.853   -5.851   -5.832   -5.820   -5.819   -5.806   -5.805
   -5.772   -5.772   -5.770   -5.769   -5.741   -5.740   -5.730    5.421    7.815   10.129
   11.098   11.601   11.727   11.940   13.135   13.145   13.285   13.805   13.810   13.893
   13.909   16.560   16.643   16.655   17.010   17.028   17.739   17.892   18.994   19.099
            0.041667  0.024056  0.000000
  -45.384  -45.260  -45.259  -19.976  -19.651  -19.649  -19.539  -19.410  -19.409  -19.159
  -18.991  -18.988   -5.919   -5.850   -5.850   -5.832   -5.818   -5.818   -5.807   -5.807
   -5.774   -5.774   -5.769   -5.769   -5.742   -5.741   -5.730    5.386    7.797   10.315
   11.076   11.560   11.757   11.819   13.119   13.122   13.305   13.845   13.867   13.867
   13.893   16.596   16.616   16.698   17.024   17.028   17.667   17.806   19.037   19.069
            0.000000  0.000000  0.000000
  -45.385  -45.259  -45.259  -19.979  -19.652  -19.652  -19.540  -19.409  -19.409  -19.157
  -18.987  -18.987   -5.920   -5.850   -5.850   -5.832   -5.818   -5.818   -5.808   -5.808
   -5.775   -5.775   -5.769   -5.769   -5.742   -5.742   -5.730    5.374    7.791   10.388
   11.068   11.546   11.767   11.767   13.114   13.114   13.312   13.859   13.859   13.888
   13.888   16.607   16.607   16.712   17.029   17.029   17.641   17.775   19.055   19.055
            0.000000  0.000000  0.049148
  -45.385  -45.259  -45.259  -19.979  -19.652  -19.652  -19.540  -19.409  -19.409  -19.157
  -18.987  -18.987   -5.920   -5.850   -5.849   -5.832   -5.818   -5.818   -5.808   -5.808
   -5.775   -5.775   -5.768   -5.768   -5.742   -5.742   -5.730    5.387    7.789   10.282
   11.198   11.520   11.782   11.782   13.116   13.116   13.302   13.744   13.744   14.001
   14.001   16.607   16.607   16.710   17.025   17.025   17.469   17.920   19.069   19.069
            0.000000  0.000000  0.098296
  -45.384  -45.259  -45.259  -19.979  -19.652  -19.652  -19.540  -19.409  -19.409  -19.157
  -18.987  -18.987   -5.919   -5.849   -5.849   -5.831   -5.818   -5.818   -5.810   -5.810
   -5.776   -5.776   -5.768   -5.768   -5.742   -5.742   -5.731    5.426    7.783   10.074
   11.443   11.474   11.827   11.827   13.122   13.122   13.275   13.617   13.617   14.124
   14.124   16.607   16.607   16.706   17.012   17.012   17.224   18.089   19.107   19.107
            0.000000  0.000000  0.147444
  -45.384  -45.259  -45.259  -19.979  -19.652  -19.652  -19.541  -19.409  -19.409  -19.157
  -18.987  -18.987   -5.919   -5.849   -5.849   -5.830   -5.817   -5.817   -5.812   -5.812
   -5.776   -5.776   -5.767   -5.767   -5.741   -5.741   -5.733    5.489    7.771    9.855
   11.321   11.808   11.900   11.900   13.133   13.133   13.238   13.492   13.492   14.241
   14.241   16.606   16.607   16.698   16.963   16.993   16.993   18.232   18.958   18.958
            0.000000  0.000000  0.196592
  -45.384  -45.259  -45.259  -19.978  -19.652  -19.652  -19.542  -19.409  -19.409  -19.157
  -18.987  -18.987   -5.919   -5.849   -5.849   -5.828   -5.817   -5.817   -5.815   -5.815
   -5.776   -5.776   -5.766   -5.766   -5.741   -5.741   -5.735    5.577    7.751    9.647
   11.162   11.999   11.999   12.173   13.151   13.151   13.200   13.373   13.373   14.351
   14.351   16.605   16.605   16.688   16.697   16.969   16.969   18.346   18.509   18.510
            0.000000  0.000000  0.245740
  -45.384  -45.259  -45.259  -19.978  -19.652  -19.652  -19.543  -19.409  -19.409  -19.157
  -18.987  -18.987   -5.918   -5.848   -5.848   -5.826   -5.818   -5.818   -5.817   -5.817
   -5.776   -5.776   -5.765   -5.765   -5.741   -5.741   -5.738    5.688    7.719    9.460
   10.978   12.120   12.120   12.560   13.165   13.178   13.178   13.262   13.262   14.451
   14.451   16.436   16.600   16.600   16.677   16.943   16.943   18.045   18.045   18.436
            0.000000  0.000000  0.294888
  -45.384  -45.259  -45.259  -19.977  -19.652  -19.652  -19.544  -19.409  -19.409  -19.157
  -18.987  -18.987   -5.918   -5.848   -5.848   -5.824   -5.822   -5.822   -5.817   -5.817
   -5.775   -5.775   -5.764   -5.764   -5.741   -5.740   -5.740    5.820    7.673    9.295
   10.784   12.254   12.254   12.965   13.137   13.161   13.162   13.220   13.220   14.541
   14.541   16.190   16.588   16.588   16.665   16.917   16.917   17.587   17.587   18.504
            0.000000  0.000000  0.344036
  -45.384  -45.259  -45.259  -19.977  -19.652  -19.652  -19.545  -19.409  -19.409  -19.157
  -18.987  -18.987   -5.917   -5.847   -5.847   -5.825   -5.825   -5.822   -5.817   -5.817
   -5.774   -5.774   -5.764   -5.764   -5.744   -5.740   -5.740    5.972    7.607    9.155
   10.594   12.390   12.390   13.073   13.073   13.116   13.284   13.284   13.380   14.619
   14.619   15.967   16.555   16.555   16.653   16.892   16.892   17.163   17.163   18.555
            0.000000  0.000000  0.393184
  -45.384  -45.259  -45.259  -19.976  -19.652  -19.652  -19.546  -19.409  -19.408  -19.157
  -18.987  -18.987   -5.917   -5.847   -5.847   -5.829   -5.829   -5.820   -5.817   -5.817
   -5.773   -5.773   -5.764   -5.764   -5.747   -5.740   -5.740    6.139    7.518    9.039
   10.422   12.513   12.513   12.998   12.998   13.101   13.379   13.379   13.800   14.685
   14.685   15.774   16.433   16.434   16.642   16.849   16.849   16.869   16.869   18.384
            0.000000  0.000000  0.442332
  -45.384  -45.259  -45.259  -19.976  -19.652  -19.652  -19.547  -19.408  -19.408  -19.157
  -18.988  -18.987   -5.917   -5.846   -5.846   -5.832   -5.832   -5.818   -5.817   -5.817
   -5.771   -5.771   -5.764   -5.764   -5.749   -5.739   -5.739    6.319    7.404    8.949
   10.279   12.610   12.610   12.938   12.938   13.093   13.509   13.509   14.211   14.737
   14.737   15.617   16.154   16.154   16.633   16.731   16.731   16.851   16.851   17.933
            0.000000  0.000000  0.491480
  -45.384  -45.259  -45.259  -19.976  -19.652  -19.652  -19.547  -19.408  -19.408  -19.157
  -18.988  -18.988   -5.916   -5.845   -5.845   -5.834   -5.834   -5.818   -5.818   -5.817
   -5.769   -5.769   -5.764   -5.764   -5.751   -5.739   -5.739    6.504    7.268    8.884
   10.172   12.675   12.675   12.894   12.894   13.088   13.660   13.660   14.588   14.774
   14.774   15.500   15.846   15.846   16.625   16.699   16.700   16.837   16.837   17.525
            0.000000  0.000000  0.540628
  -45.384  -45.259  -45.259  -19.975  -19.652  -19.652  -19.548  -19.408  -19.408  -19.157
  -18.988  -18.988   -5.916   -5.844   -5.844   -5.836   -5.836   -5.818   -5.818   -5.816
   -5.768   -5.768   -5.765   -5.765   -5.752   -5.739   -5.739    6.683    7.119    8.845
   10.107   12.711   12.711   12.868   12.868   13.086   13.793   13.793   14.797   14.797
   14.881   15.429   15.613   15.613   16.621   16.689   16.689   16.829   16.829   17.214
            0.000000  0.000000  0.589776
  -45.384  -45.259  -45.259  -19.975  -19.652  -19.652  -19.548  -19.408  -19.408  -19.157
  -18.988  -18.988   -5.916   -5.844   -5.844   -5.837   -5.837   -5.818   -5.818   -5.816
   -5.767   -5.767   -5.766   -5.766   -5.752   -5.739   -5.739    6.792    7.020    8.833
   10.085   12.722   12.722   12.859   12.859   13.085   13.849   13.849   14.804   14.804
   14.998   15.405   15.524   15.524   16.619   16.686   16.686   16.826   16.826   17.090
